5
14
20
55
145
173
177
215
272
282
377
479
550
565
569
571
574
604
689
701
710
734
771
793
820
832
852
892
945
946
960
997
1018
1202
1251
1276
1417
1422
1465
1466
1515
1526
1546
1551
1613
1656
1682
1687
1715
1767
1809
1817
1827
1836
1886
1970
1974
1979
2003
2011
2069
2129
2155
2163
2206
2213
2233
2240
2314
2318
2352
2363
2451
2492
2526
2530
2564
2593
2595
2607
2619
2637
2703
2707
2729
2824
2877
2879
3014
3024
3282
3284
3336
3342
3371
3373
3388
3444
3446
3481
3486
3511
3520
3570
3604
3609
3633
3644
3763
3769
3813
3868
3918
3925
3932
3939
3943
4120
4154
4272
4293
4305
4338
4343
4353
4451
4526
4531
4543
4612
4636
4712
4714
4774
4775
4786
4824
4839
4872
4928
4934
4945
4951
4974
5006
5007
5010
5018
5024
5093
5128
5140
5170
5233
5267
5271
5416
5435
5469
5470
5472
5483
5532
5557
5566
5645
5660
5674
5705
5758
5764
5789
5792
5820
5828
5852
5914
5937
6004
6008
6034
6072
6083
6106
6123
6126
6140
6146
6176
6203
6214
6228
6301
6439
6491
6544
6557
6573
6576
6602
6608
6614
6685
6749
6811
6867
6922
6932
7018
7046
7095
7099
7100
7141
7197
7239
7248
7282
7299
7307
7330
7463
7490
7491
7498
7530
7571
7572
7603
7604
7678
7730
7768
7778
7854
7928
7953
7967
7982
8036
8067
8178
8187
8197
8215
8216
8224
8302
8342
8349
8382
8397
8410
8414
8528
8534
8593
8606
8622
8664
8690
8759
8781
8882
8884
8900
9001
9032
9079
9104
9145
9176
9222
9237
9251
9255
9272
9277
9324
9340
9380
9486
9495
9595
9609
9617
9661
9677
9703
9707
9744
9769
9791
9833
9865
9908
9919
9961
9985
