3644
5416
6008
4945
5469
5470
5674
3511
4338
5140
5267
3371
3932
4451
3918
3813
5764
4526
4839
5010
4774
3925
5435
4154
5472
4353
3373
3444
3014
5789
4928
5914
3481
4712
5024
5852
4120
5233
3939
3336
4636
3486
3604
4714
5007
4272
6004
3633
3520
5566
4775
3769
3868
4543
4824
3763
3024
4872
5532
4531
3446
5792
4974
5018
5271
3282
4293
5128
4305
4343
5758
4951
4934
3388
3609
3570
3943
5645
5006
4786
5557
5170
3342
5937
5820
6034
4612
3284
5093
6072
5660
5483
5828
5705
5311
5322
4873
5230
4760
3711
3831
5924
4242
3881
2997
3372
5787
3869
5343
5918
5504
3408
4803
3760
2942
4205
5666
5500
4401
4429
4732
3785
3023
5096
5593
2990
3088
4474
5961
2960
3502
3788
3490
5112
3739
5485
5739
3503
3127
3340
3564
4810
3275
4993
5401
3029
3999
5538
5661
2967
5911
5529
3317
4843
2977
3040
5761
4391
3776
3124
4855
5134
4150
4831
3397
4573
2978
4661
4520
3185
5362
4773
5255
5640
6007
4637
5815
4434
4571
6071
3843
3142
3087
3995
5633
3000
4345
6067
4017
5468
4351
5565
4399
5376
2963
3728
4067
5892
3288
6052
5027
3656
5893
5410
3830
4657
3309
4300
5824
5279
4373
5702
3322
3610
4050
4533
3671
4802
4744
4504
3471
4511
5849
5528
5126
4136
3006
3178
5890
5446
3949
3305
3996
3923
4340
2987
5180
5690
5200
3306
4497
4325
5496
4013
3495
3876
3794
4501
3476
4967
4709
3385
5400
4720
5118
5406
5474
3951
4437
3736
4387
5562
3579
5115
4408
4730
5008
5987
3718
4178
3332
3982
4976
4623
5901
5263
3632
5750
5989
4222
5981
3854
5584
6053
4776
3933
5040
4217
5962
4229
4857
4274
4933
4907
4254
3307
3704
4225
3470
5099
4416
4685
4618
3827
3308
3102
3978
3747
3326
5774
5234
3261
3535
4742
4031
5272
4575
3125
3587
4438
4750
4849
3541
5339
4599
3767
4118
3551
4923
3698
5875
5052
4182
2949
3690
3112
4223
3626
4842
3782
5703
4667
3781
2962
4342
3990
5387
4638
6011
6046
3540
3216
5925
5111
3652
2982
5293
4078
3046
4691
4525
4904
3908
3717
3341
5375
4491
3229
3915
3669
4958
3665
4476
3891
5855
3184
5931
3036
3445
3745
5080
3151
5381
5861
3619
5055
3441
3748
5784
3984
4749
3897
5268
4954
3772
4209
4108
5590
5541
3655
5441
5697
4413
5337
5341
4601
5940
3015
5999
4853
5324
5493
4690
4644
3650
4264
6076
4446
5348
4848
3090
5166
5369
5488
4415
5818
3927
3537
5698
3510
5397
3544
4682
6075
5429
5122
3438
5681
3170
5110
4975
5964
2976
4586
3065
3807
3450
5371
3156
5756
3356
5305
4193
4097
4203
5081
5599
5749
3494
3670
4893
4341
4055
5627
4089
3214
3159
5411
5642
3740
4132
4358
4968
3329
5535
5326
4093
5127
4099
4544
5543
3217
4105
5428
5735
4529
3276
4896
4114
5802
3557
3291
4426
5941
4312
5654
3555
3387
5005
5716
3479
4506
4826
4126
4929
4115
3496
4389
5781
3011
3848
4359
5440
5770
3743
3602
5285
5363
3007
3294
3375
4088
3885
5804
4152
5933
3347
5556
3784
5571
4551
5847
4141
6055
3077
4988
5094
5916
5191
4484
5632
4070
3061
4903
3474
4072
3961
4540
4316
3872
6024
3056
5383
4255
3482
3530
4095
3914
4006
5667
5679
5582
4960
3774
4321
3963
3674
3078
3166
3168
3318
5062
3062
4515
3935
5345
5886
5970
3418
4808
4103
5971
3310
5054
2953
4979
3279
4016
3399
4731
3334
6078
5564
4376
4445
4246
5733
5508
4094
3796
4679
6081
4482
3379
5518
4450
5074
3615
5630
4356
5656
5570
5505
5361
3746
4384
4372
5537
3221
4386
3786
4778
3447
4199
4421
3407
5182
5402
5286
5002
4309
5467
2951
5051
3972
5574
4332
5202
5391
4432
3369
6005
4179
4882
5183
4449
3033
5783
6049
5095
4653
3146
4838
4704
3358
3882
3979
5577
4313
5531
4043
3280
3365
6079
3989
5056
6045
3173
4699
5524
4772
5857
4149
4972
5403
5605
5740
4622
5722
3493
3148
5219
3432
4200
3716
3394
3955
3948
5113
5037
4507
3091
4008
4402
4756
3498
3988
5290
5795
5250
4906
3515
4937
4195
3266
3442
6010
3678
5089
5455
3956
3247
4440
5072
3194
3138
4349
5372
3803
3651
4764
5143
6038
4396
4596
5294
4795
5177
6029
4797
4666
3480
5477
3620
4748
5796
4580
4053
3083
4058
4049
4560
5329
4715
4737
4961
5043
3364
3097
5421
3263
4483
4982
3137
4955
4572
5060
4701
3994
3639
3974
4916
4909
4528
5799
5952
4608
5736
3725
4427
4252
4414
4398
4442
6077
4547
5898
4064
2969
5747
3646
4279
3829
4564
5615
4480
4360
4444
3319
2959
5712
3742
3518
6000
3443
3487
5862
4131
4587
3549
4306
5045
4485
3825
5296
3859
5461
5671
3085
4762
5517
3094
4627
5955
4953
4063
3672
5277
5646
4443
5085
4224
4211
6003
4481
5502
5601
3715
3798
5956
5520
4456
4311
5013
5612
5973
3063
5688
4996
4522
5878
4654
5315
3403
4858
3337
4111
3237
6019
4542
5269
4244
5359
4710
3352
5443
4554
5714
4232
6015
4052
4883
4044
5347
6059
5771
3491
4716
5088
3630
5506
3805
5217
3448
5929
5335
2991
3303
3539
3162
6022
5368
5041
3344
5768
2965
3900
5132
5759
5604
4212
5554
5354
5236
4620
6027
4978
3533
5578
5105
4069
5152
4161
5131
5087
4344
5307
5709
5330
3041
3086
4841
3402
4123
3067
5139
3189
5050
6058
3517
3469
6036
4465
5187
4107
5396
5658
5173
6009
4950
3824
3262
4457
5298
5215
5662
3417
4965
3367
3392
5238
3003
1767
793
2206
1515
1656
832
1466
2163
8690
1276
997
1817
1526
1827
2069
1251
8664
1687
1551
8382
8534
2011
820
1979
1417
8606
1682
1836
8414
1886
946
2233
8593
2314
1202
1715
1613
1974
1422
8410
892
2155
1465
1970
1018
960
8528
852
1809
2240
1546
2213
2003
2129
8622
945
8397
1321
8631
8401
1492
846
1256
8442
885
977
2243
8455
1757
1473
1221
2151
8373
1238
2298
1652
1769
1607
1037
8450
2218
1329
1624
1443
1207
1893
8576
823
8477
1317
879
8462
1759
2232
1155
1707
1958
1401
2284
1714
1136
1615
8661
1588
1294
1361
8365
8653
987
1590
8400
1064
2057
2280
1284
1649
1696
856
1015
8571
8687
8447
8522
1650
2270
2074
8619
2079
916
2124
2128
1794
2174
8543
1297
1606
797
1760
2117
2278
1220
8446
965
1896
1862
1539
2273
1995
864
1165
8587
2093
1587
8575
8395
1198
8526
1863
2168
1701
1688
8405
1200
1217
8547
2075
868
1431
989
8363
1501
1163
1973
1489
1778
1000
1513
996
2231
8370
8579
8654
1471
1663
2108
8555
1253
2096
8466
2187
8614
1146
2001
1117
2143
1673
2307
2274
8529
8458
1541
1697
1717
1071
1782
1061
8684
1125
1388
1540
1042
8441
8597
8428
807
774
2145
2217
1427
1142
1505
1349
1880
1833
1980
1806
1708
1088
8663
1370
2104
1942
8691
1376
1158
1961
1434
2237
8580
1394
2127
1742
1260
8589
8677
8564
1695
1524
1337
2190
1700
1180
1824
974
8630
2018
1032
1296
1225
1846
8535
1594
8639
1432
1014
8475
1371
8360
914
1774
1997
1552
1969
1030
1949
2131
1854
1878
1660
1639
1984
1362
1816
1716
2115
1799
1777
2197
1047
8704
1224
8514
1853
1775
1869
8364
1771
843
1787
1218
1627
2030
1711
1985
942
1313
8623
776
1593
1722
1698
1888
2238
2134
1690
1347
891
2012
8385
1293
1056
2076
1006
1904
1646
8605
1558
8592
2279
2034
924
876
8426
1694
1409
889
2091
1134
8600
1311
1101
8464
1516
1797
941
2009
1316
1261
940
2089
958
1672
1647
8380
1418
1574
1685
2276
1215
1780
1004
2148
2171
1435
1105
1078
1894
1242
8624
1630
1393
2049
2139
1213
1637
2095
2227
1010
1334
1826
901
8541
1835
2123
1319
1798
1955
2252
8453
992
1857
1364
1531
1781
1472
951
980
1915
1438
2068
829
860
2048
1116
1442
1458
1084
1096
805
1183
8416
1977
961
1544
1461
2116
1268
871
1521
1372
8680
1148
8517
8673
8692
1840
8577
1156
1520
1257
2121
1052
8429
867
1689
1929
8666
8512
1375
1320
943
825
1595
1097
2138
8479
953
1877
1972
1791
8648
882
2186
2223
2250
1196
2248
1744
2156
1779
1480
1222
936
8565
1947
8618
1793
1831
2106
813
1391
1295
1086
933
1389
2152
8440
2078
2209
8436
904
8369
1924
8463
1898
1249
1041
1398
1610
799
1855
8636
1073
1234
1464
1916
1730
8694
918
1957
2087
2031
8705
8683
1027
1943
2169
788
938
2017
894
2200
845
903
1483
2260
1849
1481
1120
2195
8358
1266
8637
1680
1430
1959
1965
1363
1543
2256
1917
1187
1611
1131
1918
8438
1300
2149
1812
1665
1519
2245
1758
1227
1351
2193
1036
1922
8459
8647
1265
1302
1509
8484
1143
2140
2176
1058
8421
1900
2082
2066
1571
1872
8508
1332
1283
1987
1065
7307
7330
6203
6491
6214
6557
7095
7248
6544
6749
6106
6140
6439
6228
6811
7141
7463
7490
7604
6922
7678
6614
7299
7099
7571
6867
7498
7018
7572
6301
6932
7100
7282
7046
6685
6573
7603
7197
6176
6123
6126
7239
6576
6608
6146
7491
6602
7530
7730
6083
7423
7119
6598
6682
7093
7153
7383
7523
6987
6430
6258
7436
6986
7551
7310
6189
6741
6972
6725
6416
7742
6855
7746
7580
7634
6624
6233
7755
6255
7667
6961
7266
7012
6802
7269
6773
6666
6519
6874
7728
6837
7117
6376
7549
7320
6921
6679
6763
6613
6290
6112
7577
6991
6288
6426
6459
6829
7121
7726
6466
7552
7067
6281
7301
7318
7107
6985
6730
7700
6153
7398
6952
7115
6735
7685
6704
7481
6817
6812
7325
6142
7650
6619
6172
6528
6242
6390
7648
7442
7449
6442
6651
7441
7363
7612
6225
7618
6791
6674
6407
6555
7478
6848
6467
6500
6631
6498
6780
7758
6156
7556
6904
6473
6845
6181
7583
7268
6319
7126
7225
6346
6312
6362
6154
7589
7213
7190
6306
6868
6251
6762
6673
6086
7235
7410
6443
7049
6298
7039
7006
7155
6436
6215
6731
6134
7512
7656
6385
6475
6166
7358
6202
6654
7568
6296
7164
7392
7023
7639
6753
7253
6144
7357
7505
6400
6806
7489
6757
6795
7385
7296
7032
6141
7031
7015
6194
6119
6779
7499
6471
6292
6630
6999
6880
7409
7223
6976
7234
7735
6591
7541
7610
7640
6870
6190
7645
6766
6939
6801
7613
7573
7308
6694
6506
6798
6884
7429
6681
6208
6182
6284
6826
7488
6328
6435
7651
6660
7534
7083
6851
6948
6947
7659
7434
6124
6748
6149
7561
7674
6888
6303
6588
6128
7028
6310
7504
6540
7361
6579
7038
6751
6158
7542
7430
7189
7672
6945
7446
6109
6391
6087
6198
6632
7455
6703
6970
6649
6110
6559
6277
6744
6565
6690
7428
6695
6482
6331
7263
7085
6460
6507
7514
6493
7088
6477
6129
7159
6541
6201
6494
7288
7599
6217
7420
7353
6264
6317
7132
6940
7276
6423
7260
7355
7327
6365
6223
7244
6764
7191
7447
7261
6085
7532
6151
6858
6740
7708
6227
6099
7367
7565
6311
6313
6967
6212
6461
7652
7055
7555
6713
7020
6393
6572
6520
6934
6625
7082
7076
6248
6861
6637
7096
6308
6944
7431
7417
7178
6254
6340
7510
6606
7585
6834
6755
7343
7744
6859
6825
7426
6265
7607
7407
7389
6697
7412
7513
6490
6465
6523
6810
7558
7636
6209
6547
6930
6554
6627
6622
6691
6200
7563
6133
6567
7003
6192
6121
6724
6678
7520
6917
7747
6218
7294
6756
7401
7102
6896
7496
7237
7620
6640
6367
6980
7156
6409
6983
7492
7144
6508
6333
6417
6833
7335
6118
6449
7136
7477
7045
6107
7036
7216
6914
7184
6600
6332
6418
6582
6510
6767
7300
7251
6718
6929
6645
6136
7008
6098
7569
6639
6148
6509
6716
7009
7053
6349
6131
7124
6589
6721
6291
6877
7598
6395
6160
7150
6474
6688
7537
6832
6842
6280
6501
6712
272
177
14
377
565
282
20
689
479
571
215
701
771
710
55
569
574
550
173
604
5
145
734
268
692
636
482
535
114
509
293
220
350
97
667
331
419
434
454
186
385
154
198
607
221
637
443
162
440
682
586
389
356
405
269
522
50
136
476
200
147
650
42
122
470
668
76
353
630
156
174
555
189
79
347
414
757
204
126
329
176
254
444
407
346
593
169
44
629
193
31
474
520
654
281
67
438
157
549
108
288
234
696
750
330
297
727
302
590
283
573
166
354
465
305
610
62
300
30
133
85
487
589
597
277
542
666
319
366
508
175
326
217
760
259
400
427
412
170
510
531
36
155
623
219
47
485
206
341
729
93
117
676
665
766
317
21
450
107
106
40
273
732
702
160
214
335
213
231
609
275
7
588
393
756
287
746
473
706
532
401
343
567
197
387
92
59
598
681
492
118
280
6
250
429
672
379
102
662
502
78
13
638
253
568
564
581
731
475
227
142
724
772
722
4
687
467
342
591
322
529
422
37
243
334
669
392
683
759
91
299
704
9919
9595
9495
9908
9985
9865
9609
9340
9833
9486
9791
9617
9769
9707
9380
9703
9661
9744
9677
9961
9796
9336
9964
9585
9457
9997
9806
9594
9772
9515
9819
9613
9450
9482
9502
9643
9627
9649
9972
9439
9618
9403
9783
9518
9855
9801
9685
9955
9558
9478
9890
9421
9334
9374
9898
9893
9326
9943
9830
9493
9571
9986
9793
9757
9654
9876
9611
9329
9924
9455
9879
9422
9429
9883
9504
9886
9454
9888
9696
9817
9856
9854
9805
9531
9837
9587
9404
9607
9813
9884
9576
9820
9764
9991
9663
9509
9577
9488
9346
9364
9918
9798
9799
9832
9960
9850
9950
9749
9726
9484
9387
9774
9475
9524
9408
9859
9810
9464
9701
9682
9391
9550
9942
9667
9981
9966
9790
9737
9653
9462
9733
9700
9612
9669
9358
9717
9564
9330
9844
9512
9921
9452
9664
9812
9644
9593
9660
9996
9756
9821
9995
9706
9606
9625
9728
9494
9636
9591
9768
9691
9461
9683
9356
9459
9498
9963
9440
9965
9420
9642
9540
9811
9935
9698
9786
9690
9927
9713
9634
9473
9586
9903
9354
9882
9800
9534
9603
9377
9506
9546
9602
9742
9840
9958
9885
9521
9525
9335
9623
9444
9529
9554
2318
2564
2729
2637
2595
2530
2451
2824
2593
2492
2607
2363
2526
2703
2877
2707
2352
2619
2879
2862
2660
2780
2531
2491
2665
2602
2351
2315
2661
2543
2485
2477
2516
2561
2886
2346
2855
2844
2362
2316
2429
2759
2779
2735
2682
2537
2647
2427
2767
2325
2356
2612
2857
2421
2586
2449
2319
2834
2904
2654
2419
2450
2714
2657
2445
2603
2333
2557
2712
2673
2635
2671
2941
2727
2811
2650
2589
2872
2538
2614
2754
2790
2687
2338
2825
2400
2793
2763
2467
2506
2724
2631
2552
2524
2828
2399
2907
2726
2756
2867
2476
2851
2646
2359
2341
2641
2515
2471
2860
2649
2554
2644
2479
2655
2929
2745
2473
2546
2507
2410
2835
2536
2718
2447
2529
2353
2849
2720
2909
2796
2334
2608
2366
2940
2822
2391
2545
2895
2596
2876
2639
2621
2690
2559
2340
2938
2804
2792
2887
2396
2468
2575
2910
2478
2831
2755
2446
2791
2423
2556
2766
2815
2452
2794
2627
2775
2870
2743
2738
2741
2508
2599
2480
2731
2663
2797
2484
2604
2504
2719
2694
2924
2669
2339
2412
2689
2664
2633
9277
9145
9255
9222
9251
9237
8882
9032
9079
8781
9001
8884
9272
8900
9176
9104
8759
9324
8719
9125
9157
8999
8983
9287
9245
9260
8897
9094
8893
8725
8975
8783
9246
8842
9263
8779
9141
9170
8920
9108
8754
8904
8762
8890
8868
8881
8850
8780
8817
9285
9185
9258
9057
8986
8795
8791
9040
9087
8861
8822
8750
9055
8710
8752
8716
8856
9305
9188
8741
8908
8862
9071
9063
8766
8938
9301
8808
9274
8848
9167
8869
9033
9232
8959
8896
8964
8927
9284
9281
8939
9039
9198
9173
9106
8865
9220
8799
8985
9306
8873
8984
8727
8726
9209
8852
9252
8760
9315
8948
9099
8833
8860
8992
9019
9134
9102
9028
9006
9254
8805
9088
8886
9262
8798
8768
8771
9036
9161
9238
9114
9210
8711
8943
8895
8988
8980
8866
9266
9049
8918
9085
9117
9298
8826
8790
9021
8816
8947
8879
8810
8756
8966
9098
8739
8714
8838
9062
8859
9065
8800
8774
8960
8910
8937
9208
9216
9271
9042
9089
9203
8729
8851
8722
9013
9058
9316
9227
9235
8973
9116
8742
8748
9280
9097
9234
7982
7967
8224
8302
8342
8036
8187
8216
7778
8067
8215
7768
8178
7953
8349
7928
8197
7854
8250
7792
8308
8249
7817
7874
8233
8000
7922
8185
8213
7851
7881
7814
8085
8191
7844
8008
8267
8219
8209
7886
7850
8121
8251
8079
8011
7898
7787
7804
8226
8202
7799
8234
8083
7896
8288
8077
8330
7901
7876
8055
8134
8240
8339
7776
8141
8289
8113
8064
7767
7853
8050
7849
8214
8094
8255
7786
7803
8086
8327
8132
8119
7899
7766
7848
7903
8098
7796
8152
8019
7759
7941
8260
7871
7813
8181
7873
8046
7828
8096
8176
8033
7785
8343
7883
7769
7816
7942
8038
8013
7983
7859
8245
8120
8273
7977
7771
8338
8115
7955
8027
8148
8044
8340
7893
7890
7954
7762
8150
8061
8205
7877
7908
8110
7827
7996
8325
7888
7889
8109
8047
8054
8310
8243
8231
7855
8068
7946
8193
7925
8294
8006
8003
7835
8040
8346
8261
8271
8291
8248
7959
8004
8125
8089
8022
8319
8118
7795
8039
8177
8351
7784
8223
7782
8324
7856
8180
8081
7995
